63,1,4,140,260,0,1,112,1,3,2,?,?,2
44,1,4,130,209,0,1,127,0,0,?,?,?,0
60,1,4,132,218,0,1,140,1,1.5,3,?,?,2
55,1,4,142,228,0,1,149,1,2.5,1,?,?,1
66,1,3,110,213,1,2,99,1,1.3,2,?,?,0
66,1,3,120,0,0,1,120,0,-0.5,1,?,?,0
65,1,4,150,236,1,1,105,1,0,?,?,?,3
60,1,3,180,0,0,1,140,1,1.5,2,?,?,0
60,1,3,120,0,?,0,141,1,2,1,?,?,3
60,1,2,160,267,1,1,157,0,0.5,2,?,?,1
56,1,2,126,166,0,1,140,0,0,?,?,?,0
59,1,4,140,0,0,1,117,1,1,2,?,?,1
62,1,4,110,0,0,0,120,1,0.5,2,?,3,1
63,1,3,?,0,0,2,?,?,?,?,?,?,1
57,1,4,128,0,1,1,148,1,1,2,?,?,1
62,1,4,120,220,0,1,86,0,0,?,?,?,0
63,1,4,170,177,0,0,84,1,2.5,3,?,?,4
46,1,4,110,236,0,0,125,1,2,2,?,?,1
63,1,4,126,0,0,1,120,0,1.5,3,?,?,0
60,1,4,152,0,0,1,118,1,0,?,?,7,0
58,1,4,116,0,0,0,124,0,1,1,?,?,2
64,1,4,120,0,1,1,106,0,2,2,?,?,1
63,1,3,130,0,0,1,111,1,0,?,?,?,3
74,1,3,?,0,0,0,?,?,?,?,?,?,0
52,1,3,128,0,0,1,180,0,3,1,?,?,2
69,1,4,130,0,1,1,129,0,1,2,?,6,2
51,1,4,?,0,1,1,?,?,?,?,?,?,2
60,1,4,130,186,1,1,140,1,0.5,2,?,?,1
56,1,4,120,100,0,0,120,1,1.5,2,0,7,1
55,1,3,?,228,0,1,?,?,?,?,?,?,3
54,1,4,?,0,0,1,?,?,?,?,?,?,3
77,1,4,124,171,0,1,110,1,2,1,?,?,3
63,1,4,160,230,1,0,105,1,1,2,?,?,3
55,1,3,0,0,0,0,155,0,1.5,2,?,?,3
52,1,3,122,0,0,0,110,1,2,3,?,?,2
64,1,4,144,0,0,1,122,1,1,2,?,?,3
60,1,4,?,281,0,1,?,?,?,?,?,?,2
60,1,4,120,0,0,0,133,1,2,1,?,7,0
58,1,4,?,203,1,0,?,?,?,?,?,?,1
59,1,4,154,0,0,1,131,1,1.5,?,0,?,0
61,1,3,120,0,0,0,80,1,0,2,?,?,3
40,1,4,125,0,1,0,165,0,0,?,?,7,1
61,1,4,?,0,1,1,86,0,1.5,2,?,7,3
41,1,4,104,0,0,1,111,0,0,?,?,?,0
57,1,4,?,277,1,1,?,?,?,?,?,?,4
63,1,4,136,0,0,0,84,1,0,?,?,7,2
59,1,4,122,233,0,0,117,1,1.3,3,?,?,1
51,1,4,128,0,0,0,107,0,0,?,?,?,0
59,1,3,?,0,0,0,128,1,2,3,?,?,2
42,1,3,134,240,?,0,160,0,0,?,?,?,0
55,1,3,120,0,0,1,125,1,2.5,2,?,7,1
63,0,2,?,0,0,0,?,?,?,?,?,?,0
62,1,4,152,153,0,1,97,1,1.6,1,?,7,2
56,1,2,124,224,1,0,161,0,2,2,?,?,0
53,1,4,126,0,0,0,106,0,0,?,?,?,1
68,1,4,138,0,0,0,130,1,3,2,?,?,2
53,1,4,154,0,?,1,140,1,1.5,2,?,?,2
60,1,3,?,316,1,1,?,?,?,?,?,?,3
62,1,2,?,0,0,0,?,?,?,?,?,?,0
59,1,4,178,0,1,2,120,1,0,?,?,7,1
51,1,4,?,218,1,2,?,?,?,?,?,?,0
61,1,4,110,0,?,0,108,1,2,3,?,?,2
57,1,4,130,311,?,1,148,1,2,2,?,?,1
56,1,3,170,0,0,2,123,1,2.5,?,?,?,4
58,1,2,126,0,1,0,110,1,2,2,?,?,2
69,1,3,140,0,?,1,118,0,2.5,3,?,?,2
67,1,1,142,270,1,0,125,0,2.5,1,?,?,3
58,1,4,120,0,0,2,106,1,1.5,3,?,7,1
65,1,4,?,0,0,0,?,?,?,?,?,?,1
63,1,2,?,217,1,1,?,?,?,?,?,?,1
55,1,2,110,214,1,1,180,0,?,?,?,?,0
57,1,4,140,214,0,1,144,1,2,2,?,6,2
65,1,1,?,252,0,0,?,?,?,?,?,?,0
54,1,4,136,220,0,0,140,1,3,2,?,?,3
72,1,3,120,214,0,0,102,1,1,2,?,?,3
75,1,4,170,203,1,1,108,0,0,?,?,7,1
49,1,1,130,0,0,1,145,0,3,2,?,?,2
51,1,3,?,339,0,0,?,?,?,?,?,?,3
60,1,4,142,216,0,0,110,1,2.5,2,?,?,2
64,0,4,142,276,0,0,140,1,1,2,?,7,1
58,1,4,132,458,1,0,69,0,1,3,?,?,0
61,1,4,146,241,0,0,148,1,3,3,?,?,2
67,1,4,160,384,1,1,130,1,0,2,?,?,2
62,1,4,135,297,0,0,130,1,1,2,?,?,2
65,1,4,136,248,0,0,140,1,4,3,?,?,4
63,1,4,130,308,0,0,138,1,2,2,?,?,2
69,1,4,140,208,0,1,140,1,2,?,?,?,3
51,1,4,?,227,1,1,?,?,?,?,?,?,0
62,1,4,158,210,1,0,112,1,3,3,?,?,1
55,1,3,?,245,1,1,?,?,?,?,?,?,1
75,1,4,136,225,0,0,112,1,3,2,?,?,3
40,1,3,106,240,0,0,80,1,0,?,?,7,0
67,1,4,120,0,1,0,150,0,1.5,3,?,?,3
58,1,4,110,198,0,0,110,0,0,?,?,?,1
60,1,4,?,195,0,0,?,?,?,?,?,?,0
63,1,4,160,267,1,1,88,1,2,?,?,?,3
35,1,3,?,161,0,1,?,?,?,?,?,?,0
62,1,1,112,258,0,1,150,1,?,?,?,?,1
43,1,4,122,0,0,0,120,0,0.5,1,?,?,1
63,1,3,130,0,1,1,160,0,3,2,?,?,0
68,1,3,150,195,1,0,132,0,0,?,?,6,1
65,1,4,150,235,0,0,120,1,1.5,2,?,?,3
48,1,3,102,0,?,1,110,1,1,3,?,?,1
63,1,4,96,305,0,1,121,1,1,1,?,?,1
64,1,4,130,223,0,1,128,0,0.5,2,?,?,0
61,1,4,120,282,0,1,135,1,4,3,?,6,3
50,1,4,144,349,0,2,120,1,1,1,?,7,1
59,1,4,124,?,0,0,117,1,1,2,?,?,1
55,1,4,150,160,0,1,150,0,0,?,?,?,0
45,1,3,?,236,0,0,?,?,?,?,?,?,0
65,1,4,?,312,0,2,?,?,?,?,?,?,3
61,1,2,?,283,0,0,?,?,?,?,?,?,0
49,1,3,?,142,0,0,?,?,?,?,?,?,3
72,1,4,?,211,0,0,?,?,?,?,?,?,1
50,1,4,?,218,0,0,?,?,?,?,?,?,1
64,1,4,?,306,1,1,?,?,?,?,?,?,3
55,1,4,116,186,1,1,102,0,0,?,?,?,2
63,1,4,110,252,0,1,140,1,2,2,?,?,2
59,1,4,125,222,0,0,135,1,2.5,3,?,?,3
56,1,4,?,0,0,2,?,?,?,?,?,?,1
62,1,3,?,0,1,1,?,?,?,?,?,?,2
74,1,4,150,258,1,1,130,1,4,3,?,?,3
54,1,4,130,202,1,0,112,1,2,2,?,?,1
57,1,4,110,197,0,2,100,0,0,?,?,?,0
62,1,3,?,204,0,1,?,?,?,?,?,?,1
76,1,3,104,?,0,2,120,0,3.5,3,?,?,4
54,0,4,138,274,0,0,105,1,1.5,2,?,?,1
70,1,4,170,192,0,1,129,1,3,3,?,?,2
61,0,2,140,298,1,0,120,1,0,?,?,7,0
48,1,4,?,272,0,1,?,?,?,?,?,?,0
48,1,3,132,220,1,1,162,0,0,?,?,6,1
61,1,1,142,200,1,1,100,0,1.5,3,?,?,3
66,1,4,112,261,0,0,140,0,1.5,1,?,?,1
68,1,1,?,181,1,1,?,?,?,?,?,?,0
55,1,4,172,260,0,0,73,0,2,?,?,?,3
62,1,3,120,220,0,2,86,0,0,?,?,?,0
71,1,3,?,221,0,0,?,?,?,?,?,?,3
74,1,1,?,216,1,0,?,?,?,?,?,?,3
53,1,3,155,175,1,1,160,0,?,?,?,6,0
58,1,3,150,219,0,1,118,1,0,?,?,?,2
75,1,4,160,310,1,0,112,1,2,3,?,7,0
56,1,3,?,208,1,1,?,?,?,?,?,?,4
58,1,3,?,232,0,1,?,?,?,?,?,?,2
64,1,4,134,273,0,0,102,1,4,3,?,?,4
54,1,3,?,203,0,1,?,?,?,?,?,?,0
54,1,2,?,182,0,1,?,?,?,?,?,?,0
59,1,4,140,274,0,0,154,1,2,2,?,?,0
55,1,4,?,204,1,1,?,?,?,?,?,?,1
57,1,4,144,270,1,1,160,1,2,2,?,?,3
61,1,4,?,292,0,1,?,?,?,?,?,?,3
41,1,4,150,171,0,0,128,1,1.5,2,?,?,0
71,1,4,130,221,0,1,115,1,0,?,?,?,3
38,1,4,110,289,0,0,105,1,1.5,3,?,?,1
55,1,4,158,217,0,0,110,1,2.5,2,?,?,1
56,1,4,128,223,0,1,119,1,2,3,?,?,2
69,1,4,?,?,1,0,?,?,?,?,?,?,2
64,1,4,150,193,0,1,135,1,0.5,2,?,?,2
72,1,4,160,?,1,2,130,0,1.5,?,?,?,2
69,1,4,?,210,1,1,?,?,?,?,?,?,2
56,1,4,?,282,1,0,?,?,?,?,?,?,1
62,1,4,?,170,0,1,120,1,3,?,?,?,4
67,1,4,?,369,0,0,?,?,?,?,?,?,3
57,1,4,156,173,0,2,119,1,3,3,?,?,3
69,1,4,?,289,1,1,?,?,?,?,?,?,3
51,1,4,?,?,1,2,?,?,?,?,?,7,1
48,1,4,140,?,0,0,159,1,1.5,1,?,?,3
69,1,4,122,216,1,2,84,1,0,?,?,7,2
69,1,3,?,271,0,2,?,?,?,?,?,?,0
64,1,4,?,244,1,1,?,?,?,?,?,?,2
57,1,2,180,285,1,1,120,0,0.8,?,?,?,1
53,1,4,124,243,0,0,122,1,2,2,?,7,1
37,1,3,118,240,0,2,165,0,1,2,?,3,0
67,1,4,140,219,0,1,122,1,2,2,?,7,3
74,1,3,140,237,1,0,94,0,0,?,?,?,1
63,1,2,?,165,0,1,?,?,?,?,?,?,0
58,1,4,100,213,0,1,110,0,0,?,?,?,0
61,1,4,190,287,1,2,150,1,2,3,?,?,4
64,1,4,130,258,1,2,130,0,0,?,?,6,2
58,1,4,160,256,1,2,113,1,1,1,?,?,3
60,1,4,130,186,1,2,140,1,0.5,2,?,?,1
57,1,4,122,264,0,2,100,0,0,?,?,?,1
55,1,3,?,?,0,1,?,?,?,?,?,?,0
55,1,4,120,226,0,2,127,1,1.7,3,?,7,1
56,1,4,130,203,1,0,98,0,1.5,2,?,7,1
57,1,4,130,207,0,1,96,1,1,2,?,?,0
61,1,3,?,284,0,0,?,?,?,?,?,?,1
61,1,3,120,337,0,0,98,1,0,?,?,?,3
58,1,3,150,219,0,1,118,1,0,?,?,?,2
74,1,4,155,310,0,0,112,1,1.5,3,?,?,2
68,1,3,134,254,1,0,151,1,0,?,?,3,0
51,0,4,114,258,1,2,96,0,1,1,?,?,0
62,1,4,160,254,1,1,108,1,3,2,?,?,4
53,1,4,144,300,1,1,128,1,1.5,2,?,?,3
62,1,4,158,170,0,1,138,1,0,?,?,?,1
46,1,4,134,310,0,0,126,0,0,?,?,3,2
54,0,4,127,333,1,1,154,0,0,?,?,?,1
62,1,1,?,139,0,1,?,?,?,?,?,?,0
55,1,4,122,223,1,1,100,0,0,?,?,6,2
58,1,4,?,385,1,2,?,?,?,?,?,?,0
62,1,2,120,254,0,2,93,1,0,?,?,?,1
